6.71   5.66   3.06   4.25   3.40   6.45   3.46   2.57   6.55   8.50
  3.63   7.22   7.61   2.72   3.91   2.98   7.05  11.79   7.51   4.44
 13.59   6.61   4.53  12.28   9.50   4.26   4.52   5.55  11.34   4.21
  4.02   4.34   2.67   2.95   8.86   4.87   5.76   7.68   2.75   2.62
  2.86   5.16   2.88   6.62   5.03   3.30   5.47   7.80   7.80   5.43
  3.05   3.99   4.10   2.85   3.28   4.70   6.67   2.85   4.71   6.94
  7.17   3.02   2.97  10.96   2.75   3.03   3.61  15.50   6.24   2.89
  5.57   5.75   4.86  10.36  14.49  15.38   2.80   3.86   4.67   4.58
  8.64   3.65   3.65   4.53   3.63  11.68   3.14   6.07   6.57   3.22
  6.12   3.37   3.90   6.63   2.88   9.18   2.96   4.86   3.18   6.59
